26.5577 7 7 7 7 7 7 7 7
34.4769 7 7 7 7 7 7 7 7
42.3839 7 7 7 7 7 7 7 7
50.2358 7 7 7 7 7 7 7 7
54.579 7 7 7 7 7 7 7 7
62.3958 7 7 7 7 7 7 7 7
70.1685 7 7 7 7 6 7 7 7
77.9969 7 7 7 8 7 7 7 7
82.2612 7 7 7 7 7 7 7 7
89.9988 7 7 7 7 7 7 7 7
97.71 6 7 7 8 4 7 6 6
105.448 7 7 7 7 7 7 6 7
113.174 5 6 6 8 7 7 7 3
117.359 3 5 2 8 6 6 6 3
124.985 1 3 5 2 6 6 5 6
132.629 3 2 0 4 5 0 1 1
140.206 2 2 0 1 0 0 1 2
147.817 0 0 0 1 1 0 2 0
155.388 1 0 0 0 0 0 1 1
159.43 0 0 0 0 0 0 0 0

32.6468 7 7 7 7 7 7 7 7
40.5858 7 7 7 7 7 7 7 7
44.9818 7 7 7 7 7 7 7 7
52.8551 7 7 7 7 7 7 7 7
60.7352 8 7 7 7 7 7 7 7
68.5724 8 7 7 7 7 8 7 7
72.8952 7 7 7 7 7 7 7 8
80.6885 8 7 8 7 7 7 7 8
88.4963 6 7 7 7 8 7 7 6
96.3366 7 7 7 8 7 7 7 7
100.577 7 8 7 7 7 7 7 8
108.251 7 6 6 6 5 6 7 7
115.971 6 7 7 7 3 8 7 5
123.644 4 4 4 4 3 7 6 3
131.27 2 2 2 1 2 3 1 2
135.405 0 0 0 3 2 3 2 1
143.008 0 0 0 3 2 3 2 2
150.6 0 0 1 1 1 0 0 1
158.191 0 0 0 0 0 0 0 0

38.6911 7 7 7 7 7 7 7 7
43.084 7 7 7 7 7 7 7 7
50.9533 7 7 7 7 7 7 7 7
58.8286 7 7 7 7 7 7 7 7
66.6541 7 7 7 7 7 7 8 7
74.4416 7 7 7 7 7 7 7 7
78.7262 6 8 8 7 8 7 6 7
86.5313 7 7 7 7 7 7 7 7
94.2864 7 8 7 8 7 7 7 7
101.986 7 8 7 7 7 7 7 8
106.236 4 6 6 8 7 8 6 7
113.97 7 7 6 7 7 8 7 7
121.667 4 7 4 5 6 7 7 7
129.325 3 3 4 3 4 4 8 8
136.987 3 4 3 0 3 3 3 1
144.613 0 1 3 0 1 1 0 0
148.658 0 0 0 0 0 0 0 0
156.223 0 0 0 0 0 0 0 0

30.3601 7 7 7 7 7 7 7 7
38.3045 7 7 7 7 7 7 7 7
46.2352 7 7 7 7 7 7 7 7
50.6049 7 7 7 7 7 7 7 7
58.5006 7 7 7 7 7 7 7 7
66.3729 7 7 7 7 7 7 8 7
74.2249 7 7 7 7 7 8 7 7
78.5417 8 7 8 7 8 7 8 7
86.3438 7 7 7 7 7 7 7 8
94.0815 7 7 6 8 7 7 7 8
101.881 7 7 7 7 7 7 7 7
106.13 7 8 6 6 7 7 4 8
113.853 7 7 8 7 7 6 6 8
121.529 1 5 7 8 8 7 8 4
129.211 4 4 2 6 7 7 7 4
137.013 3 2 2 1 2 0 3 3
141.131 0 1 0 0 2 0 0 0
148.752 0 1 1 0 1 1 1 0
156.378 0 2 0 0 0 0 0 0

31.3176 7 7 7 7 7 7 7 7
35.6748 7 7 7 7 7 7 7 7
43.5704 7 7 7 7 7 7 7 7
51.4749 7 7 7 7 7 7 7 7
59.3912 7 7 7 7 7 7 7 7
63.7433 7 7 7 7 7 7 7 7
71.5569 7 8 7 7 7 8 8 7
79.362 6 7 8 7 7 7 7 7
87.1611 7 7 7 7 7 7 7 7
94.9574 7 7 7 6 7 6 5 7
99.2625 7 7 7 7 7 7 6 8
107.073 7 5 6 7 7 6 6 7
114.884 7 8 6 6 6 7 7 7
122.622 6 4 6 4 2 2 5 6
126.74 4 4 4 3 3 1 0 2
134.354 2 2 1 2 2 2 2 3
141.887 0 0 1 0 1 0 2 1
149.466 1 1 0 0 0 0 0 0

25.4956 7 7 7 7 7 7 7 7
33.4053 7 7 7 7 7 7 7 7
37.8271 7 7 7 7 7 7 7 7
45.7374 7 7 7 7 7 7 7 7
53.671 7 7 7 7 7 7 7 7
61.5845 7 7 7 7 7 7 7 7
65.8897 7 7 7 7 7 7 7 7
73.7708 7 7 8 8 7 7 8 7
81.6123 7 7 7 7 7 7 8 7
89.451 7 7 7 7 7 7 7 7
97.2034 7 7 7 7 7 7 7 8
101.456 6 3 7 7 5 8 6 6
109.205 7 7 7 7 7 6 6 7
116.937 6 4 6 7 6 4 6 7
124.602 6 5 4 4 4 3 6 7
132.26 2 2 2 0 3 2 3 4
136.372 2 2 2 3 2 4 0 3
143.998 1 0 3 1 0 2 2 1
151.595 2 3 1 1 0 1 0 0
159.181 0 0 0 0 0 0 0 0

27.2749 7 7 7 7 7 7 7 7
35.265 7 7 7 7 7 7 7 7
43.1691 7 7 7 7 7 7 7 7
47.5884 7 7 7 7 7 7 7 7
55.4929 7 7 7 7 7 7 7 7
63.3331 7 7 7 7 7 7 7 7
71.1352 8 7 7 7 7 8 7 7
75.432 7 7 8 7 7 7 8 7
83.2249 7 7 7 7 7 7 7 7
91.027 7 6 6 7 7 7 7 7
98.7909 7 7 7 7 4 7 7 8
106.526 4 5 4 6 5 6 7 7
110.778 4 5 6 8 7 7 7 7
118.522 6 6 6 7 7 7 6 6
126.233 4 1 6 5 6 7 6 6
133.879 5 3 1 5 4 0 3 1
141.544 2 0 0 0 1 0 1 3
145.641 1 1 0 0 0 0 1 1
153.268 0 0 0 1 1 0 0 0
160.824 0 0 0 0 2 1 0 0

30.199 7 7 7 7 7 7 7 7
34.6262 7 7 7 7 7 7 7 7
42.6096 7 7 7 7 7 7 7 7
50.64 7 7 7 7 7 7 7 7
58.6529 7 7 7 7 7 7 7 7
63.163 7 7 7 7 7 7 7 7
70.9886 8 8 7 7 8 7 7 7
78.9313 6 7 7 7 7 7 7 8
83.4062 7 7 6 8 7 7 8 7
91.3666 7 7 7 7 7 7 7 7
99.3678 7 7 5 7 6 7 7 7
107.164 7 7 7 7 7 8 7 8
111.352 7 8 7 7 7 7 7 8
119.084 4 6 6 7 7 6 2 2
126.745 2 3 2 5 4 4 5 4
134.372 3 2 0 1 0 2 3 2
142.021 2 1 1 1 2 3 0 1
149.607 0 0 1 2 1 0 0 0
153.701 0 0 0 0 0 0 0 0

29.8361 7 7 7 7 7 7 7 7
37.7422 7 7 7 7 7 7 7 7
45.6613 7 7 7 7 7 7 7 7
50.0338 7 7 7 7 7 7 7 7
57.9061 7 7 7 7 7 7 7 7
65.7932 7 7 7 7 7 7 7 7
73.6041 7 8 7 7 7 8 8 7
77.8975 6 7 8 7 7 7 7 7
85.6996 7 7 7 7 8 7 7 7
93.5074 7 7 7 7 7 8 7 7
101.283 7 7 5 7 7 7 7 8
105.492 7 6 5 8 7 7 7 7
113.223 4 4 5 4 4 4 4 6
120.9 3 2 6 3 2 2 2 6
128.535 3 3 2 1 3 3 4 4
136.193 2 0 1 1 1 3 2 4
143.799 0 3 1 0 0 1 3 3
147.876 1 0 0 0 1 1 0 1

26.5755 7 7 7 7 7 7 7 7
34.4801 7 7 7 7 7 7 7 7
38.8728 7 7 7 7 7 7 7 7
46.8093 7 7 7 7 7 7 7 7
54.6876 7 7 7 7 7 7 7 7
62.56 7 7 7 7 7 7 7 7
66.9382 7 7 7 7 7 7 7 7
74.7902 7 7 7 7 8 7 7 7
82.5923 7 7 7 7 8 7 7 7
90.3914 7 7 7 7 7 8 7 7
94.6321 6 7 7 7 7 7 5 7
102.34 6 7 7 7 7 7 7 5
110.072 3 5 7 8 7 8 7 5
117.772 3 5 4 5 3 6 7 4
125.43 3 4 3 1 3 3 4 3
129.577 4 4 0 0 0 2 3 3
137.133 0 1 0 1 2 2 1 2
144.754 1 1 0 0 0 1 0 0
