31.7625  1 1 1 1 1 1 1 1 1 1 1 1 1 1 1 1 1 1 1 1 1 1 1 1 1 1 1 1 1 1 1 1 1 1 1 1 1 1 1 1 1 1 1 1 1 1 1 1 1 1 1 2 1 1 1 1
39.6954  1 1 1 1 1 1 1 1 1 1 1 1 1 1 1 1 1 1 1 1 1 1 1 1 1 1 1 1 1 1 1 1 1 1 1 1 1 1 1 1 1 1 1 1 1 1 1 1 1 1 1 1 1 1 1 1
44.1178  1 1 1 1 1 1 1 1 1 1 1 1 1 1 1 1 1 1 1 1 1 1 1 1 1 1 1 1 1 1 1 1 1 1 1 1 1 1 1 1 1 1 1 1 1 1 1 1 1 1 1 1 1 1 1 1
52.0164  1 1 1 2 1 1 1 1 1 1 1 1 1 1 1 1 1 1 1 1 1 1 1 1 1 1 1 1 1 1 1 1 1 1 1 1 1 1 1 1 1 1 1 1 1 1 1 1 1 1 1 1 1 1 1 1
59.9327  1 1 1 2 1 2 1 1 1 1 1 1 1 1 1 1 1 1 1 2 1 1 1 1 1 1 1 1 2 2 1 1 1 1 2 2 1 1 1 1 1 1 1 1 2 2 1 1 1 1 1 1 1 2 1 1
68.0862  1 2 2 2 2 2 1 1 1 1 2 1 1 1 2 1 1 1 2 2 2 2 1 1 1 1 2 2 2 2 1 1 1 1 2 1 2 2 1 1 1 1 1 1 2 2 1 1 1 1 1 2 1 2 1 1
72.4587  1 1 2 2 2 2 1 1 1 1 2 1 2 1 2 1 1 2 2 3 2 2 1 1 1 1 2 2 2 1 1 1 1 2 0 2 2 2 1 1 1 1 2 2 2 2 1 1 0 1 1 2 1 2 1 1
80.3398  1 2 2 3 2 2 1 1 1 1 2 2 2 1 1 1 1 1 2 2 2 2 1 1 1 1 2 2 3 2 2 1 1 2 2 2 2 2 1 1 1 1 2 2 3 2 1 1 1 1 1 2 2 2 1 1
88.1683  1 2 2 3 2 2 1 1 1 1 2 2 2 1 2 1 1 2 3 3 2 2 1 1 1 1 2 2 3 2 2 1 1 2 2 2 2 3 2 1 1 1 2 2 3 2 2 1 1 1 1 2 2 2 1 1
95.9703  1 2 2 3 2 2 1 1 1 1 2 2 2 1 2 1 1 2 3 3 2 3 2 1 1 2 3 3 3 2 2 1 1 2 2 2 2 3 2 1 1 1 2 2 3 2 2 1 1 1 1 2 2 2 1 1
100.223  1 2 2 3 2 2 1 1 1 1 2 2 2 2 2 1 1 2 2 3 0 2 1 1 1 1 2 0 3 2 2 1 1 2 3 3 3 2 1 1 1 2 2 3 3 2 2 1 1 1 2 3 3 3 2 1
108.01  1 2 3 4 2 1 0 1 1 2 3 0 0 0 2 1 1 2 0 0 0 3 2 1 1 1 2 0 4 3 2 1 1 2 0 5 4 3 2 1 1 2 6 5 4 3 2 1 1 1 2 3 3 3 2 1
115.812  1 2 1 0 0 0 0 1 2 0 0 0 0 0 2 1 0 0 0 0 0 1 1 2 3 4 0 0 1 1 2 3 0 0 0 3 4 3 2 1 1 2 2 3 2 2 1 1 0 1 2 3 3 2 1 0
123.488  1 3 2 1 0 0 0 1 1 2 0 0 0 0 2 1 0 0 0 0 0 2 2 0 0 0 0 0 4 5 1 1 2 3 0 3 4 1 1 2 0 0 2 3 3 2 1 1 0 1 2 3 2 1 0 0
131.206  1 2 2 1 0 0 0 1 2 0 0 0 0 0 2 1 0 0 0 0 0 2 1 2 3 0 0 0 1 1 2 0 0 0 0 3 4 1 2 0 0 0 2 3 3 2 1 1 0 1 2 2 1 0 0 0
135.353  1 2 0 0 0 0 0 0 0 0 0 0 0 0 1 0 0 0 0 0 0 0 0 0 0 0 0 0 1 2 0 0 0 0 0 0 0 0 0 0 0 0 1 1 0 0 0 0 0 1 0 0 0 0 0 0
142.95  0 0 0 0 0 0 0 0 0 0 0 0 0 0 0 0 0 0 0 0 0 0 0 0 0 0 0 0 1 2 0 0 0 0 0 1 0 0 0 0 0 0 0 0 0 0 0 0 0 0 0 0 0 0 0 0
150.535  0 0 0 0 0 0 0 0 0 0 0 0 0 0 0 0 0 0 0 0 0 0 0 0 0 0 0 0 0 0 0 0 0 0 0 0 0 0 0 0 0 0 0 0 0 0 0 0 0 0 0 0 0 0 0 0
28.162  1 1 1 1 1 1 1 1 1 1 1 1 1 1 1 1 1 1 1 1 1 1 1 1 1 1 1 1 1 1 1 1 1 1 1 1 1 1 1 1 1 1 1 1 1 1 1 1 1 1 1 1 1 1 1 1
36.2783  1 1 1 1 1 1 1 1 1 1 1 1 1 1 1 1 1 1 1 1 1 1 1 1 1 1 1 1 1 1 1 1 1 1 1 1 1 1 1 1 1 1 1 1 1 1 1 1 1 1 1 1 1 1 1 1
44.1855  1 1 1 1 1 1 1 1 1 1 1 1 1 1 1 1 1 1 1 1 1 1 1 1 1 1 1 1 1 1 1 1 1 1 1 1 1 1 1 1 1 1 1 1 1 1 1 1 1 1 1 1 1 1 1 1
52.2336  1 2 1 2 1 1 1 1 1 1 1 1 1 1 1 1 1 1 1 2 1 1 1 1 1 1 1 1 2 1 1 1 1 1 1 1 1 1 1 1 1 1 1 1 2 1 1 1 1 1 1 1 1 1 1 1
56.8023  1 1 2 2 1 1 1 1 1 1 2 1 1 1 1 1 1 2 1 2 1 1 1 1 1 1 2 1 2 1 1 1 1 1 1 1 1 1 1 1 1 1 1 2 1 1 1 1 1 1 1 1 1 1 1 1
64.9149  1 2 1 2 2 1 1 1 1 1 1 1 1 1 1 1 1 1 1 2 2 1 1 1 1 1 2 2 2 1 1 1 1 1 1 2 1 1 1 1 1 1 1 2 2 1 1 1 1 1 1 2 1 2 1 1
72.954  1 1 2 2 2 1 1 1 1 1 2 2 2 1 1 1 1 2 1 2 2 2 1 1 1 1 2 2 2 2 2 1 1 2 2 2 2 1 1 1 1 1 2 2 2 2 1 1 1 1 1 2 2 2 1 1
77.4321  1 2 2 3 2 2 1 1 1 1 2 2 2 1 1 1 1 2 2 3 2 2 1 1 1 1 2 1 3 2 2 1 1 2 2 2 2 2 1 1 1 1 2 2 3 2 2 1 1 1 1 2 2 2 1 1
85.2224  1 2 2 3 2 1 1 1 1 1 2 2 2 1 2 1 1 2 3 3 2 2 1 1 1 2 2 1 3 2 2 1 1 1 2 2 2 2 2 1 1 1 2 2 3 2 2 1 1 1 1 2 2 2 1 1
92.9697  1 2 2 3 2 2 1 1 1 2 3 3 3 2 2 1 1 2 4 4 3 2 2 1 1 2 3 3 2 1 1 2 0 0 0 2 2 1 1 1 1 0 2 3 2 2 1 1 0 1 2 2 2 2 1 1
100.788  1 2 2 3 2 2 1 1 1 1 2 2 2 1 2 1 1 2 2 3 3 2 1 1 1 2 3 2 3 2 2 1 1 2 2 2 2 2 1 1 1 1 2 2 3 2 2 1 1 1 1 2 2 2 1 1
105.02  1 2 2 1 0 0 0 1 1 2 3 3 4 2 2 1 1 2 2 3 0 2 1 1 1 2 3 0 3 2 2 1 1 2 2 4 3 3 2 1 1 2 2 2 3 3 2 1 1 1 1 2 2 2 1 1
112.787  1 2 5 4 3 2 1 1 1 2 0 0 0 0 2 1 1 2 3 4 0 2 1 1 2 3 0 0 2 1 1 2 0 0 0 2 1 1 2 0 0 0 2 3 4 3 2 1 1 1 2 3 4 3 2 1
120.449  1 2 2 0 0 0 0 1 1 2 3 4 2 0 2 1 1 2 3 0 0 2 1 2 0 0 0 0 1 1 2 0 0 0 0 2 1 1 2 0 0 0 2 3 1 0 0 0 0 1 2 1 0 0 0 0
128.146  1 2 0 0 0 0 0 1 1 2 3 4 0 0 2 1 1 0 0 0 0 2 1 1 2 0 0 0 2 1 1 2 0 0 0 1 1 2 0 0 0 0 3 2 1 1 0 0 0 4 3 2 1 0 0 0
136.088  1 2 1 0 0 0 0 1 2 0 0 0 0 0 1 2 0 0 0 0 0 1 0 0 0 0 0 0 2 1 1 2 0 0 0 1 0 0 0 0 0 0 1 0 0 0 0 0 0 2 2 1 0 0 0 0
140.265  1 0 0 0 0 0 0 1 1 2 0 0 0 0 2 0 0 0 0 0 0 0 0 0 0 0 0 0 1 2 0 0 0 0 0 0 0 0 0 0 0 0 2 1 0 0 0 0 0 1 0 0 0 0 0 0
148.108  0 0 0 0 0 0 0 1 2 0 0 0 0 0 0 0 0 0 0 0 0 0 0 0 0 0 0 0 0 0 0 0 0 0 0 1 0 0 0 0 0 0 0 0 0 0 0 0 0 0 0 0 0 0 0 0
155.664  0 0 0 0 0 0 0 0 0 0 0 0 0 0 0 0 0 0 0 0 0 0 0 0 0 0 0 0 0 0 0 0 0 0 0 0 0 0 0 0 0 0 1 0 0 0 0 0 0 0 0 0 0 0 0 0
26.5374  1 1 1 1 1 1 1 1 1 1 1 1 1 1 1 1 1 1 1 1 1 1 1 1 1 1 1 1 1 1 1 1 1 1 1 1 1 1 1 1 1 1 1 1 1 1 1 1 1 1 1 1 1 1 1 1
34.4477  1 1 1 1 1 1 1 1 1 1 1 1 1 1 1 1 1 1 1 1 1 1 1 1 1 1 1 1 1 1 1 1 1 1 1 1 1 1 1 1 1 1 1 1 1 1 1 1 1 1 1 1 1 1 1 1
42.349  1 1 1 1 1 1 1 1 1 1 1 1 1 1 1 1 1 1 1 1 1 1 1 1 1 1 1 1 1 1 1 1 1 1 1 1 1 1 1 1 1 1 1 1 1 1 1 1 1 1 1 1 1 1 1 1
46.7536  1 1 1 1 1 1 1 1 1 1 1 1 1 1 1 1 1 1 1 1 1 1 1 1 1 1 1 1 2 1 1 1 1 1 1 1 1 1 1 1 1 1 1 1 1 1 1 1 1 1 1 1 1 1 1 1
54.6553  1 1 2 1 1 1 1 1 1 1 1 1 1 1 1 1 1 1 1 2 1 1 1 1 1 1 1 1 1 1 1 1 1 1 2 1 1 1 1 1 1 1 1 1 2 1 1 1 1 1 1 1 1 1 1 1
62.5218  1 1 1 2 1 1 1 1 1 1 1 1 2 1 1 1 1 1 1 2 2 2 1 1 1 1 1 2 2 1 1 1 1 1 2 1 1 1 1 1 1 1 2 2 2 1 1 1 1 1 1 1 1 1 1 1
70.3852  1 1 2 2 2 1 1 1 1 1 2 2 2 1 2 1 1 1 1 2 2 2 1 1 1 1 2 2 2 2 1 1 1 2 2 2 2 1 1 1 1 1 1 2 2 2 2 1 1 1 1 2 1 2 1 1
74.6818  1 2 2 2 2 1 1 1 1 2 1 2 1 1 1 1 2 2 2 2 2 1 1 1 1 2 2 3 2 2 1 1 2 2 2 2 2 1 1 1 1 2 2 2 2 1 1 1 1 2 1 2 1 1 0 0
82.519  1 2 2 3 3 2 1 1 1 1 2 2 2 1 2 1 1 2 2 3 2 2 1 1 1 1 2 2 3 2 2 1 1 2 0 3 2 2 1 1 1 2 2 3 3 2 2 1 1 1 1 2 2 3 2 1
90.3562  1 2 3 3 2 2 1 1 1 2 3 2 2 1 2 1 1 2 2 3 2 2 1 1 1 1 2 2 3 2 2 1 1 2 2 3 3 3 2 1 1 2 2 2 3 3 2 1 1 1 1 2 3 2 1 1
98.1289  1 2 3 3 2 2 1 1 1 2 3 2 2 1 2 1 1 2 3 3 2 2 2 1 1 2 3 3 3 2 2 1 1 2 2 2 2 2 1 1 1 1 2 3 3 2 2 1 1 1 1 2 3 2 1 1
102.446  1 2 2 3 2 2 1 1 1 2 3 2 2 1 2 1 1 2 3 3 2 2 1 1 1 2 3 2 3 2 2 1 1 2 3 3 3 3 2 1 1 2 2 3 4 3 2 1 1 1 2 3 3 3 2 1
110.213  1 2 3 2 1 0 0 1 1 1 2 3 2 0 2 1 1 2 0 0 0 2 1 1 2 0 0 0 3 3 2 1 1 2 2 2 3 3 2 1 1 1 2 3 4 3 2 1 1 1 2 3 4 2 1 0
117.945  1 2 3 2 1 0 0 1 1 2 4 3 2 0 6 1 1 2 3 4 5 2 1 1 0 0 0 0 2 1 0 0 0 0 0 3 2 1 1 0 0 0 1 0 0 0 0 0 0 1 2 0 0 0 0 0
125.653  1 2 1 0 0 0 0 1 1 2 4 3 2 0 2 1 5 4 3 0 0 2 1 0 0 0 0 0 2 0 0 0 0 0 0 1 0 0 0 0 0 0 2 1 0 0 0 0 0 1 2 0 0 0 0 0
133.303  1 2 1 0 0 0 0 1 1 2 0 0 0 0 2 1 1 0 0 0 0 1 0 0 0 0 0 0 1 0 0 0 0 0 0 0 0 0 0 0 0 0 2 1 0 0 0 0 0 1 2 1 0 0 0 0
137.415  1 0 0 0 0 0 0 2 0 0 0 0 0 0 0 0 0 0 0 0 0 1 0 0 0 0 0 0 1 0 0 0 0 0 0 2 0 0 0 0 0 0 1 0 0 0 0 0 0 1 0 0 0 0 0 0
145.076  1 0 0 0 0 0 0 1 0 0 0 0 0 0 2 0 0 0 0 0 0 1 0 0 0 0 0 0 1 2 0 0 0 0 0 2 1 1 2 0 0 0 2 0 0 0 0 0 0 0 0 0 0 0 0 0
152.667  1 0 0 0 0 0 0 1 0 0 0 0 0 0 0 0 0 0 0 0 0 0 0 0 0 0 0 0 0 0 0 0 0 0 0 0 0 0 0 0 0 0 0 0 0 0 0 0 0 0 0 0 0 0 0 0